# Created by Octave 7.3.0, Mon Dec 05 12:29:55 2022 CET <sha1@karman>
# name: x
# type: matrix
# rows: 30
# columns: 1
 4.5067601402103605
 67.100650976464749
 99.399098647971982
 69.103655483224884
 5.2578868302454111
 4.2563845768653437
 23.034551827741666
 41.061592388582881
 57.085628442664017
 73.109664496745154
 95.643465197796729
 110.91637456184282
 129.1937906860291
 153.73059589384076
 182.02303455182772
 215.57336004006009
 322.98447671507262
 442.41362043064606
 483.7255883825739
 483.47521281922894
 209.56434651977969
 176.76514772158242
 150.72608913370055
 132.69904857285934
 114.42163244867305
 91.637456184276459
 72.60891337005512
 50.575863795693579
 25.037556334501801
 4.0060090135203268


# name: y
# type: matrix
# rows: 30
# columns: 1
 56.827633378932944
 56.577291381668942
 88.871409028727783
 120.91518467852256
 121.16552667578657
 154.46101231190147
 166.22708618331052
 174.2380300957592
 178.24350205198357
 175.99042407660738
 169.48153214774283
 157.46511627906978
 143.44596443228454
 130.92886456908343
 125.17099863201094
 121.66621067031463
 121.16552667578657
 121.16552667578657
 120.66484268125856
 57.077975376197003
 55.575923392612822
 51.820793433652511
 45.812585499316015
 37.050615595075215
 22.530779753761976
 6.0082079343364967
 0
 0.25034199726400175
 10.514363885088926
 24.533515731874161


